// ++++ ADD this Code in p5.js ediotr ++++ 


function setup() {
  createCanvas(400, 400);
}

function draw() {
  background("#F26680");

  //Hair showing from the Back of head
  fill('#213029')
  rect(250,81, 92, 76, 50, 40, 80, 7);
  rect(250,131, 92, 76, 50, 40, 80, 12);
  rect(241,176, 92, 76, 50, 40, 80, 11);
  rect(250,220, 92, 76, 50, 40, 80, 11);
  rect(260,270, 92, 76, 50, 40, 60, 11);
  // Hair from backHead Shine
  fill('#496C5A')
  rect(315,100, 17, 13, 10, 10, 10, 10);
  rect(315,151, 17, 13, 10, 10, 10, 10);
  rect(314,199,12, 10, 10, 10, 10, 10);
  rect(315,237, 17, 13, 10, 10, 10, 10);
  rect(320,290, 24, 13, 10, 10, 10, 10);
  
  // Face Mass
  noStroke();
  fill("#DDFBAE");
  ellipse(200, 169, 232, 232);
  ellipse(235, 262, 142, 142);
  ellipse(167.5, 246.5, 129, 129) 
  
  // Face Features
  fill("#213029");
  // Eye Brows
  rect(191, 143, 69, 13, 10, 10, 10, 10);
  rect(275, 141, 41, 13, 10, 10, 10, 10);
  // Eye brow Shine
  fill('#638574')
  rect(199, 147, 21, 5, 10, 10, 10, 10);
  rect(282, 145, 17, 5, 10, 10, 10, 10);
  

  // Beard
  fill("#213029");
  rect(215, 246, 51, 13, 10, 10, 10, 10);
  rect(273, 246, 36, 13, 10, 10, 10, 10);
  rect(250, 283, 36, 17, 10, 10, 10, 10);
  rect(229, 307, 59, 30, 10, 10, 60, 80);

  // Nose & Lips
  fill("#D9AAB3");
  rect(257, 181, 26.83, 58.17, 10, 10, 10, 10);
  rect(242,215, 28.29, 24.29 ,10, 10, 10, 10);
  rect(231,263, 65, 15 ,1, 1, 30, 30);
  
  //Light on Lip
  fill("#FCCFD8");
  rect(260, 190, 7, 45, 10, 10, 10, 10);
  rect(246,217, 7, 18.29 ,10, 10, 10, 10);
  rect(251,269, 32, 5 ,10, 10, 10, 10);
  
  // Eyes
  fill('#FFF');
  ellipse(225,179, 53, 25)
  ellipse(307,179, 43, 25)
  
  // Eye Balls
  fill('#213029');
  ellipse(300,179, 20, 20)
  ellipse(220,179, 20, 20)

  // // Eye Ball Shine
  // fill('#F0FFF8');
  // rect(300,175, 17, 4, 10, 10, 10, 10);
  // // ellipse(300,179, 7, 7)
  // // ellipse(220,179, 7, 7)
  // rect(220,179, 17, 4, 10, 10, 10, 10);

  
  //Hairs
  fill('#213029')
  rect(101,41, 217, 76, 50, 40, 80, 0);
  rect(70,81, 92, 76, 50, 40, 80, 7);
  rect(50,131, 92, 76, 50, 40, 80, 12);
  rect(60,176, 92, 76, 50, 40, 80, 11);
  rect(70,220, 92, 76, 50, 40, 80, 11);
  rect(90,260, 92, 76, 50, 40, 60, 11);
  
  //Hair Shine
  fill('#496C5A')
  rect(225,56, 69, 13, 10, 10, 10, 10);
  rect(158,76, 43, 13, 10, 10, 10, 10);
  rect(118,107, 34, 13, 10, 10, 10, 10);
  rect(95,155, 34, 13, 10, 10, 10, 10);
  rect(105,192,34, 13, 10, 10, 10, 10);
  rect(117,241, 34, 13, 10, 10, 10, 10);
  rect(137,297, 34, 13, 10, 10, 10, 10);
  
}
